Alabama          9    1306925    718084   53156
Montana          3     274120    174521   34933
Alaska           3     130415     93007   19038
Nebraska         5     485819    273858   45961
Arizona         11    1021154    936250  105406
Nevada           6     511319    537753   37299
Arkansas         6     677904    378729       0
New_Hampshire    4     345789    348521   37243
California      55    3841134   7230699  609933
New_Jersey      14    1535513   2021756  104644
Colorado         9    1137455   1212209  162598
New_Mexico       5     315875    380724   83398
Connecticut      7     668266    884432   70844
New_York        29    2640570   4143874   99895
Delaware         3     185103    235581   20851
North_Carolina  15    2339603   2162074  127794
Florida         29    4605515   4485745  270026
North_Dakota     3     216133     93526   25120
Georgia         16    2068623   1837300  123641
Ohio            18    2771984   2317001  212909
Hawaii           4     128815    266827   28676
Oklahoma         7     947934    419788   83334
Idaho            4     407199    189677   36720
Oregon           7     742506    934631  131438
Illinois        20    2118179   2977498  278603
Pennsylvania    20    2912941   2844705  191565
Indiana         11    1556220   1031953  133856
Rhode_Island     4     179421    249902   20798
Iowa             6     798923    650790   68441
South_Carolina   9    1143611    849469   61632
Kansas           6     656009    414788   76346
South_Dakota     3     227701    117442   20845
Kentucky         8    1202942    628834   67662
Tennessee       11    1517402    867110   86003
Louisiana        8    1178004    779535   51968
Texas           38    4681590   3867816  353831
Maine            4     334838    354873   51839
Utah             6     452086    274188  248125
Maryland        10     873646   1497951  102946
Vermont          3      95053    178179   16795
Massachusetts   11    1083069   1964768  183694
Virginia        13    1731156   1916845  143872
Michigan        16    2279805   2268193  223757
Washington      12    1129120   1610524  195665
Minnesota       10    1322891   1366676  149901
West_Virginia    5     486198    187457   30798
Mississippi      6     678457    462001   17369
Wisconsin       10    1409467   1382210  137422
Missouri        10    1585753   1054889  121490
Wyoming          3     174248     55949   15797
Washington_DC    3      11553    260223    8496
